000709
600637
600498
000630
600754
002183
002195
601390
000876
601088
600406
600837
002008
002202
002304
600588
600019
601818
000027
002252
600061
600674
600383
601099
300182
002385
600111
600649
600783
000778
000768
600177
600029
600050
600208
600085
000069
600688
000623
000100
601766
601788
600016
600104
601958
300124
601111
601021
000156
600839
002426
600023
600705
000002
600074
300133
600150
000738
600362
600999
600008
601336
600372
000938
002174
000555
600867
600271
601169
601216
000415
601198
000402
600115
600606
601877
600066
000917
300058
000625
600570
601127
600188
300251
600157
600958
000538
300146
000725
002736
600739
002236
600100
601333
601989
300315
000157
300015
002466
600871
300002
600196
601633
000718
002027
603000
600685
600482
000977
000039
002074
600893
002142
600352
000425
600309
000858
601988
600959
000793
600816
601985
601669
000166
601919
600036
000839
601628
000338
601318
600297
600038
002415
600547
002470
600535
603993
600585
300085
600485
002131
000423
000008
002085
601607
002456
002292
600068
300033
600031
601009
600415
002568
600895
001979
600741
300024
000333
000750
600489
600648
600666
002475
601288
601601
601377
601998
601933
601800
600015
000061
600252
600518
600583
601398
600446
601668
601258
002500
002299
600886
600000
002594
002739
002424
000627
002153
600276
000983
000800
300144
600369
002310
600170
601006
000776
600221
002797
002049
601155
601618
000963
002129
000009
600118
300104
000728
600690
002065
002146
600048
000001
300070
601555
000712
000792
600332
601611
600900
600887
000895
600737
600373
000826
601328
000063
600654
600009
601225
600376
600256
600718
600795
600037
000568
002465
601211
601688
600030
600873
601118
600875
600663
300168
600519
601901
601166
601727
600089
600582
002081
601888
600660
002714
600704
603885
002230
601899
601718
600028
000503
600153
300027
600340
601857
600820
600018
601600
600010
600703
000651
002024
600005
000413
601608
600021
000783
300059
002152
000671
000060
002673
600804
002241
600060
601866
000559
601186
601872
601928
002450
601018
000540
300017
002007
600827
601939
600109
300072
000686
600549
002841
601881
601117
601375
600233
002831
002555
002558
002839
601966
600977
601992
002602
000959
600682
601163
600522
601229
600909
603858
600926
600436
600919
002508
002044
002411
601997
000961
002352
603160
603833
600219
002294
601898
601228
603799
601878
601991
600011
002468
300122
600390
002624
300136
002572
000723
601212
300003
002608
002460
002601
000898
601012
601360
601238
000786
600438
600487
300408
002050
603260
600398
600809
002493
601108
603288
600346
600516
601838
601808
300433
600025
601828
600339
001965
002925
600176
002625
002120
002311
002271
600027
600998
000553
600760
002001
603986
000661
600004
601138
000703
002179
000408
002773
300296
603156
600566
603259
002422
601066
300142
002032
300498
601162
603019
000596
600733
002010
002939
300413
002410
600299
000629
000656
601298
601577
002938
002945
601319
002607
603899
600989
600848
600928
601236
002958
300347
603501
600655
002916
601698
600183
600968
603369
300014
601100
300628
601816
000066
601231
603658
601916
002157
000860
000708
600745
300601
002463
003816
002371
601658
601077
002821
002414
002600
002812
688036
688012
600918
600584
600872
601990
002384
600763
300676
688009
688008
600600
603087
600161
603392
601696
300529
600845
603195
